0 1 36608
1 1 21760
2 1 19712
3 1 8448
4 1 15360
5 1 49152
6 1 60416
7 1 43776
8 1 24832
9 1 20224
10 1 50944
11 1 10496
12 1 58112
13 1 11776
14 1 48384
15 1 11008
16 1 30464
17 1 23296
18 1 49664
19 1 29952
20 1 31232
21 1 16896
22 1 8704
23 1 9728
24 1 45312
25 1 12032
26 1 34048
27 1 48896
28 1 59392
29 1 21248
30 1 19968
31 1 21504
32 1 13568
33 1 58368
34 1 16128
35 1 13312
36 1 64768
37 1 24576
38 1 57600
39 1 5888
40 1 37376
41 1 45056
42 1 23552
43 1 24320
44 1 22272
45 1 17152
46 1 15872
47 1 20480
48 1 25856
49 1 41984
50 1 9216
51 1 7680
52 1 65024
53 1 55296
54 1 6400
55 1 39168
56 1 27392
57 1 28160
58 1 23040
59 1 43520
60 1 35072
61 1 34816
62 1 45824
63 1 18688
64 1 27904
65 1 51200
66 1 14336
67 1 52224
68 1 43008
69 1 2560
70 1 47872
71 1 36864
72 1 54016
73 1 11520
74 1 17664
75 1 41472
76 1 27648
77 1 46592
78 1 28928
79 1 59648
80 1 11264
81 1 20992
82 1 2048
83 1 30976
84 1 62720
85 1 1792
86 1 47104
87 1 7168
88 1 12544
89 1 7424
90 1 58624
91 1 57856
92 1 1024
93 1 63744
94 1 256
95 1 48640
96 1 41728
97 1 55040
98 1 20736
99 1 7936
100 1 42496
101 1 17408
102 1 22784
103 1 3584
104 1 47616
105 1 22016
106 1 59904
107 1 61952
108 1 6912
109 1 36352
110 1 54528
111 1 33024
112 1 26112
113 1 17920
114 1 34560
115 1 51712
116 1 49920
117 1 18176
118 1 33792
119 1 6656
120 1 64000
121 1 512
122 1 27136
123 1 62976
124 1 32000
125 1 63232
126 1 38656
127 1 63488
