0 1 11520
1 1 45312
2 1 26112
3 1 9728
4 1 48896
5 1 13312
6 1 20224
7 1 46592
8 1 27648
9 1 27392
10 1 56832
11 1 58624
12 1 11008
13 1 42752
14 1 22016
15 1 28672
16 1 45568
17 1 33024
18 1 14336
19 1 53504
20 1 8960
21 1 34816
22 1 39168
23 1 37376
24 1 22784
25 1 61952
26 1 23040
27 1 19712
28 1 17664
29 1 57856
30 1 63744
31 1 17408
32 1 44800
33 1 15360
34 1 27904
35 1 32000
36 1 11776
37 1 16896
38 1 29952
39 1 17920
40 1 62976
41 1 30464
42 1 1792
43 1 9216
44 1 37888
45 1 41728
46 1 18688
47 1 64000
48 1 64256
49 1 6656
50 1 49152
51 1 2048
52 1 57600
53 1 60416
54 1 39424
55 1 50944
56 1 36352
57 1 35072
58 1 1024
59 1 61184
60 1 60672
61 1 55040
62 1 8448
63 1 24832
64 1 48640
65 1 27136
66 1 41984
67 1 7168
68 1 62720
69 1 12032
70 1 54528
71 1 20992
72 1 47616
73 1 58112
74 1 23808
75 1 58880
76 1 52224
77 1 34560
78 1 45824
79 1 11264
80 1 12544
81 1 51712
82 1 59904
83 1 512
84 1 31232
85 1 2560
86 1 51200
87 1 5888
88 1 49920
89 1 256
90 1 41472
91 1 47872
92 1 7936
93 1 46336
94 1 48384
95 1 43008
96 1 7424
97 1 63488
98 1 30976
99 1 18176
100 1 38656
101 1 3584
102 1 8704
103 1 28928
104 1 55296
105 1 22272
106 1 26624
107 1 54016
108 1 6912
109 1 34048
110 1 9984
111 1 15872
112 1 47104
113 1 63232
114 1 42496
115 1 43776
116 1 20736
117 1 49664
118 1 21760
119 1 56576
120 1 59648
121 1 10496
122 1 23296
123 1 7680
124 1 36608
125 1 33792
126 1 65024
127 1 36864
